yr	nid	nvisits	exposure	visfreqmonth	volesmean	reld	cs	fbs	failure	shyness
1995	B1	3	65	1.38461538	1.74	-1	4	4	0	-4.740794624
1995	B2	2	65	0.92307693	1.74	-3	5	4	0	-4.704922369
1995	B3	2	45	1.33333332	1.74	3	5	0	1	1.487780018
1995	B5	2	45	1.33333332	1.74	-10	5	0	1	-4.625490381
1995	B6	3	20	4.5	1.74	18	5	0	1	4.171590691
1995	B7	1	65	0.46153845	1.74	-8	NA	5	0	-4.546907934
1995	J1	2	65	0.92307693	1.74	-6	4	4	0	0.687720508
1995	J11	1	65	0.46153845	1.74	-2	3	2	0	0.449939722
1995	J12	1	45	0.66666666	1.74	-3	5	0	1	-4.623665815
1995	J13	4	65	1.84615386	1.74	6	4	4	0	1.061078964
1995	J14	2	45	1.33333332	1.74	-4	4	0	1	-4.67722183
1995	J15	4	45	2.66666667	1.74	4	4	0	1	2.16695626
1995	J18	1	45	0.66666666	1.74	6	NA	0	1	-0.059980283
1995	J2	1	65	0.46153845	1.74	-10	6	4	0	0.961067175
1995	J3	2	65	0.92307693	1.74	-6	4	3	0	0.687720508
1995	J4	1	65	0.46153845	1.74	9	3	3	0	-4.554959894
1995	J5	4	65	1.84615386	1.74	8	4	3	0	0.922541773
1995	J6	4	45	2.66666667	1.74	-3	5	0	1	1.721132539
1995	J9	1	45	0.66666666	1.74	-1	4	0	1	0.437608602
1995	P1	2	65	0.92307693	1.74	-1	4	4	0	-4.768207103
1995	P2	2	20	3	1.74	1	4	0	1	2.772001762
1995	P4	2	45	1.33333332	1.74	4	5	0	1	3.263129979
1995	P6	1	45	0.66666666	1.74	-2	NA	0	1	-4.573946015
1995	SB1	3	65	1.38461538	1.74	-3	4	4	0	-4.805113542
1995	SB3	3	65	1.38461538	1.74	-7	5	2	0	-4.751036355
1995	SB4	3	45	2.00000001	1.74	21	4	0	1	0.394717941
1995	SB6	3	65	1.38461538	1.74	5	5	1	0	-4.867165831
1995	SB8	4	65	1.84615386	1.74	2	6	4	0	1.333994469
1995	SB9	4	20	6	1.74	17	3	0	1	-5.079030352
1995	T1	4	65	1.84615386	1.74	8	4	2	0	-0.304235173
1995	T2	2	45	1.33333332	1.74	-5	5	0	1	-4.719395464
1995	T3	3	65	1.38461538	1.74	-4	5	5	0	-4.746716994
1995	T4	4	65	1.84615386	1.74	-4	3	3	0	-4.750175873
1995	T5	5	65	2.30769231	1.74	3	4	3	0	-0.032327668
1995	T6	3	65	1.38461538	1.74	-14	NA	4	0	-4.618157562
1995	T7	3	65	1.38461538	1.74	-8	5	4	0	-4.694684954
1995	V1	4	65	1.84615386	1.74	-8	5	5	0	-4.705069724
1995	V3	2	65	0.92307693	1.74	8	4	4	0	0.404754462
1995	V4	3	65	1.38461538	1.74	9	4	3	0	0.288659279
1995	V5	2	65	0.92307693	1.74	7	4	3	0	-4.62936482
1996	B2	1	45	0.66666666	13.92	-9	5	0	1	-4.669918001
1996	B3	5	65	2.30769231	13.92	3	4	3	0	-4.824743371
1996	B4	3	65	1.38461538	13.92	-14	6	4	0	2.742822377
1996	B5	4	45	2.66666667	13.92	19	3	0	1	-4.888946363
1996	B6	3	65	1.38461538	13.92	-12	5	5	0	-4.643415856
1996	B7	3	65	1.38461538	13.92	2	NA	3	0	-4.604819862
1996	B8	1	65	0.46153845	13.92	-5	5	4	0	-4.568267916
1996	C1	1	65	0.46153845	13.92	-6	5	3	0	-4.691425934
1996	C2	1	65	0.46153845	13.92	-1	4	3	0	1.736148674
1996	J1	2	65	0.92307693	13.92	-18	6	6	0	-4.58060566
1996	J11	4	45	2.66666667	13.92	10	4	0	1	0.460199409
1996	J12	3	65	1.38461538	13.92	-10	7	2	0	1.4887807
1996	J13	3	65	1.38461538	13.92	-14	6	5	0	-4.716754259
1996	J14	4	65	1.84615386	13.92	13	3	2	0	-0.764766136
1996	J17	2	20	3	13.92	31	4	0	1	0.872309797
1996	J18	3	20	4.5	13.92	41	4	0	1	-4.588306421
1996	J4	4	65	1.84615386	13.92	-5	5	3	0	-4.990460076
1996	J5	3	65	1.38461538	13.92	-7	5	3	0	-4.848956668
1996	J6	4	65	1.84615386	13.92	-12	6	4	0	-4.877211365
1996	J7	3	65	1.38461538	13.92	-9	5	2	0	1.429563877
1996	J8	2	65	0.92307693	13.92	-1	4	3	0	2.592728682
1996	J9	1	65	0.46153845	13.92	-13	6	1	0	1.700496319
1996	M10	1	20	1.5	13.92	7	NA	0	1	1.413860051
1996	M11	2	65	0.92307693	13.92	-9	5	5	0	0.555491408
1996	M12	3	65	1.38461538	13.92	-14	5	3	0	0.23053671
1996	M13	1	65	0.46153845	13.92	-3	3	3	0	2.268404907
1996	M14	4	65	1.84615386	13.92	3	4	4	0	-4.95796216
1996	M16	2	20	3	13.92	-12	3	0	1	0.945489792
1996	M17	1	45	0.66666666	13.92	-1	4	0	1	-4.739721926
1996	M18	2	65	0.92307693	13.92	-2	6	6	0	1.136247785
1996	M19	1	65	0.46153845	13.92	-6	5	4	0	2.596364217
1996	M21	2	65	0.92307693	13.92	-14	5	4	0	-4.583217519
1996	M22	3	65	1.38461538	13.92	-2	5	2	0	-4.690073962
1996	M23	2	65	0.92307693	13.92	9	5	4	0	-4.754451876
1996	M24	2	20	3	13.92	27	3	0	1	-4.875444144
1996	M25	3	65	1.38461538	13.92	8	4	4	0	1.395454783
1996	M26	2	45	1.33333332	13.92	13	4	0	1	5.134635253
1996	M29	1	65	0.46153845	13.92	-3	NA	5	0	-4.556290504
1996	M5	4	65	1.84615386	13.92	4	3	2	0	0.15663944
1996	M6	5	65	2.30769231	13.92	2	4	3	0	-0.491697142
1996	M7	3	45	2.00000001	13.92	-6	4	0	1	-4.842768843
1996	M8	3	65	1.38461538	13.92	-7	6	5	0	-4.78530073
1996	P4	2	65	0.92307693	13.92	-4	5	4	0	1.52089634
1996	P5	2	45	1.33333332	13.92	-3	5	0	1	2.797410115
1996	P7	2	65	0.92307693	13.92	5	NA	4	0	-4.627725181
1996	P8	1	65	0.46153845	13.92	-15	NA	4	0	-4.55157928
1996	R3	1	65	0.46153845	13.92	4	3	3	0	4.075400099
1996	R5	1	65	0.46153845	13.92	-11	NA	5	0	-4.550704922
1996	S1	4	65	1.84615386	13.92	1	5	3	0	0.165050084
1996	S10	4	45	2.66666667	13.92	10	6	0	1	-4.889202322
1996	S11	2	65	0.92307693	13.92	-3	4	4	0	-4.684917092
1996	S12	3	65	1.38461538	13.92	-9	5	3	0	-4.638508304
1996	S13	2	65	0.92307693	13.92	10	3	3	0	3.102921082
1996	S14	2	20	3	13.92	8	4	0	1	1.649246048
1996	S15	1	20	1.5	13.92	34	NA	0	1	-4.794649882
1996	S16	2	45	1.33333332	13.92	22	4	0	1	2.766546364
1996	S2	3	45	2.00000001	13.92	-12	8	0	1	-4.787162413
1996	S3	3	65	1.38461538	13.92	-8	5	5	0	0.228075598
1996	S4	3	65	1.38461538	13.92	-11	4	4	0	-4.791880752
1996	S5	5	65	2.30769231	13.92	-2	5	5	0	-4.715231938
1996	S6	6	45	3.99999999	13.92	2	6	0	1	-0.309159759
1996	S7	3	30	3	13.92	2	5	0	1	1.517472485
1996	S8	3	65	1.38461538	13.92	-4	4	4	0	-4.77627364
1996	S9	2	45	1.33333332	13.92	-4	5	0	1	3.089083043
1996	V1	5	65	2.30769231	13.92	-5	6	5	0	-4.86794639
1996	V2	2	65	0.92307693	13.92	-14	6	6	0	0.992026221
1996	V3	3	65	1.38461538	13.92	2	5	3	0	1.543175957
1996	V4	3	65	1.38461538	13.92	-8	6	2	0	1.158325858
1996	V6	1	20	1.5	13.92	14	NA	0	1	1.413860051
1996	V7	2	65	0.92307693	13.92	2	NA	3	0	-4.640684713
1996	V8	1	20	1.5	13.92	50	NA	0	1	1.420648174
1997	M1	3	65	1.38461538	0.41	-22	3	1	0	-4.772525154
1997	M2	3	65	1.38461538	0.41	1	3	2	0	3.403780491
1997	M3	4	45	2.66666667	0.41	-4	4	0	1	-4.900550289
1997	M4	3	65	1.38461538	0.41	5	3	3	0	0.395169019
1997	M5	4	45	2.66666667	0.41	0	4	0	1	4.714936451
1997	M6	2	45	1.33333332	0.41	7	2	0	1	2.268404907
1997	P1	3	65	1.38461538	0.41	-2	3	3	0	2.208863744
1997	S1	3	45	2.00000001	0.41	-5	3	0	1	2.980267509
1997	S2	2	65	0.92307693	0.41	-18	4	1	0	0.934866762
1997	S3	5	20	7.5	0.41	6	3	0	1	3.925429345
1997	S4	5	45	3.33333333	0.41	8	2	0	1	0.899795905
1997	V1	2	45	1.33333332	0.41	11	3	0	1	-4.824029454
1998	B1	4	65	1.84615386	2.39	-2	5	4	0	-4.952206138
1998	F1	3	30	3	2.39	-7	4	0	1	1.638483772
1998	F10	2	65	0.92307693	2.39	3	4	2	0	-4.616711285
1998	F11	1	65	0.46153845	2.39	-9	NA	3	0	-4.556290504
1998	F2	1	20	1.5	2.39	-6	NA	0	1	1.413860051
1998	F3	1	20	1.5	2.39	-7	NA	0	1	-4.783997491
1998	F6	3	65	1.38461538	2.39	4	4	2	0	-4.812291889
1998	F7	3	45	2.00000001	2.39	10	3	0	1	-4.918735315
1998	F8	2	65	0.92307693	2.39	-7	5	3	0	-4.688455943
1998	M1	5	65	2.30769231	2.39	-8	4	2	0	-4.743811457
1998	M10	1	65	0.46153845	2.39	-5	NA	2	0	-4.547037058
1998	M2	2	20	3	2.39	-10	5	0	1	2.230797196
1998	M3	4	65	1.84615386	2.39	-2	5	4	0	0.038863447
1998	M4	3	65	1.38461538	2.39	0	5	4	0	0.165850307
1998	M5	2	65	0.92307693	2.39	-3	4	4	0	-4.672861826
1998	M6	4	65	1.84615386	2.39	-2	4	3	0	0.317407194
1998	M8	1	65	0.46153845	2.39	-5	NA	3	0	-4.561417291
1998	M9	1	65	0.46153845	2.39	-8	NA	2	0	-4.556290504
1998	P2	3	30	3	2.39	-4	5	0	1	-4.659631651
1998	R1	4	65	1.84615386	2.39	2	4	4	0	1.250581195
1998	S1	3	20	4.5	2.39	-4	NA	0	1	1.435707106
1998	S2	5	65	2.30769231	2.39	-4	5	4	0	0.332664681
1998	S3	2	20	3	2.39	0	NA	0	1	-4.95814094
1998	S4	1	20	1.5	2.39	3	NA	0	1	-4.585106098
1998	S5	6	65	2.76923076	2.39	10	4	4	0	0.334135248
1998	S7	2	65	0.92307693	2.39	1	3	3	0	0.640380092
1998	S8	3	65	1.38461538	2.39	42	3	3	0	0.477833292
1998	V1	3	20	4.5	2.39	-10	6	0	1	-4.845147749
1998	V2	2	20	3	2.39	-11	NA	0	1	-4.78695413
1998	V4	2	65	0.92307693	2.39	2	4	4	0	-0.033328459
1998	V5	4	45	2.66666667	2.39	6	5	0	1	1.6933703
1998	V6	2	30	2.00000001	2.39	8	3	0	1	-4.794083918
1999	B1	4	65	1.84615386	11.42	-2	4	4	0	0.446264004
1999	B2	4	65	1.84615386	11.42	-6	3	3	0	-4.719719025
1999	B3	4	65	1.84615386	11.42	-21	5	5	0	0.903246395
1999	C1	2	65	0.92307693	11.42	-17	NA	5	0	-4.554322089
1999	F1	3	65	1.38461538	11.42	-6	3	3	0	-4.838553076
1999	F10	3	65	1.38461538	11.42	-7	3	3	0	-4.812607932
1999	F12	3	65	1.38461538	11.42	-6	5	5	0	-4.807768627
1999	F15	4	65	1.84615386	11.42	14	4	4	0	-4.778299288
1999	F16	5	65	2.30769231	11.42	11	4	4	0	-4.750991739
1999	F17	1	20	1.5	11.42	38	4	0	1	-4.585106098
1999	F18	1	45	0.66666666	11.42	-1	NA	0	1	-4.55016021
1999	F19	4	65	1.84615386	11.42	8	NA	3	0	-4.652123978
1999	F3	4	65	1.84615386	11.42	-12	4	4	0	-4.917510207
1999	F5	1	20	1.5	11.42	-7	5	0	1	-4.79147872
1999	F6	1	20	1.5	11.42	-6	5	0	1	-4.780595971
1999	F7	1	20	1.5	11.42	-1	3	0	1	-4.793025193
1999	F9	4	65	1.84615386	11.42	-4	6	5	0	-4.896810589
1999	M1	5	65	2.30769231	11.42	-11	5	4	0	-4.988311484
1999	M10	3	65	1.38461538	11.42	-13	5	5	0	-4.78530085
1999	M11	2	65	0.92307693	11.42	-11	4	3	0	-4.694782324
1999	M12	4	65	1.84615386	11.42	-2	5	5	0	1.592051526
1999	M13	4	65	1.84615386	11.42	1	4	3	0	-4.592965497
1999	M14	4	45	2.66666667	11.42	28	4	0	1	0.439908837
1999	M15	5	65	2.30769231	11.42	15	4	3	0	-4.828693168
1999	M16	1	20	1.5	11.42	13	3	0	1	-4.642466261
1999	M17	1	65	0.46153845	11.42	-16	NA	4	0	-4.548647438
1999	M18	2	65	0.92307693	11.42	16	3	1	0	-4.6018771
1999	M2	4	65	1.84615386	11.42	-9	4	4	0	-4.977078468
1999	M3	1	20	1.5	11.42	-5	NA	0	1	-4.794649882
1999	M4	1	20	1.5	11.42	-8	NA	0	1	-4.79147872
1999	M5	4	65	1.84615386	11.42	-12	4	4	0	-4.815971403
1999	M6	3	65	1.38461538	11.42	-8	4	4	0	-4.810884263
1999	M7	3	65	1.38461538	11.42	-3	4	2	0	-4.605374012
1999	M8	3	30	3	11.42	-3	5	0	1	-4.848646961
1999	M9	4	65	1.84615386	11.42	-11	5	5	0	1.56598408
1999	P2	3	30	3	11.42	2	8	0	1	1.686966963
1999	P3	3	65	1.38461538	11.42	-8	NA	3	0	-4.615434167
1999	P4	1	45	0.66666666	11.42	27	4	0	1	-4.794083918
1999	R1	3	45	2.00000001	11.42	11	1	0	1	2.568830255
1999	R2	3	45	2.00000001	11.42	5	3	0	1	-4.703373939
1999	S1	3	65	1.38461538	11.42	-11	5	4	0	2.133000883
1999	S3	3	65	1.38461538	11.42	-1	5	4	0	-4.741461595
1999	S4	3	65	1.38461538	11.42	-9	4	3	0	-4.601469214
1999	S6	2	65	0.92307693	11.42	-8	5	5	0	-4.585540138
1999	V2	2	45	1.33333332	11.42	-9	5	0	1	0.345816597
1999	V3	4	65	1.84615386	11.42	-11	5	5	0	0.287786935
1999	V6	5	65	2.30769231	11.42	23	3	3	0	1.721675877
2000	B1	3	20	4.5	1.99	-3	4	0	1	-4.985227126
2000	B2	4	65	1.84615386	1.99	0	4	3	0	-4.754961344
2000	B3	2	65	0.92307693	1.99	1	2	2	0	3.048856254
2000	F1	3	30	3	1.99	-3	4	0	1	0.877150422
2000	F2	4	45	2.66666667	1.99	1	4	0	1	-4.8682721
2000	F3	4	45	2.66666667	1.99	2	3	0	1	2.038441243
2000	F4	4	45	2.66666667	1.99	-2	3	0	1	-5.027149814
2000	F6	1	65	0.46153845	1.99	-7	NA	4	0	-4.552564201
2000	M2	4	65	1.84615386	1.99	1	3	3	0	0.59279711
2000	M3	4	45	2.66666667	1.99	4	4	0	1	-4.906184276
2000	R1	1	20	1.5	1.99	4	NA	0	1	1.413860051
2000	S1	4	65	1.84615386	1.99	-2	4	3	0	-4.818474945
2000	S2	4	65	1.84615386	1.99	0	4	3	0	0.71461853
2000	S3	4	65	1.84615386	1.99	-9	5	3	0	-4.866905313
2000	S4	5	65	2.30769231	1.99	3	3	3	0	-4.903851083
2000	V1	1	20	1.5	1.99	-5	5	0	1	-4.783997491
2000	V2	3	45	2.00000001	1.99	-3	4	0	1	-4.556057659
2001	C2	4	65	1.84615386	0.95	-17	NA	3	0	-4.551483986
2001	C3	2	65	0.92307693	0.95	-10	NA	2	0	-4.58610751
2001	C4	2	65	0.92307693	0.95	-3	NA	3	0	-4.601708574
2001	F11	3	65	1.38461538	0.95	-6	NA	1	0	-4.590314355
2001	F3	4	65	1.84615386	0.95	-5	4	2	0	-4.823415853
2001	F4	4	65	1.84615386	0.95	1	4	2	0	-4.844536017
2001	F5	4	65	1.84615386	0.95	1	4	2	0	0.349054406
2001	F6	2	45	1.33333332	0.95	3	3	0	1	0.24317191
2001	F7	6	65	2.76923076	0.95	-5	5	2	0	2.959642815
2001	F8	6	65	2.76923076	0.95	6	4	2	0	-4.843610008
2001	F9	4	65	1.84615386	0.95	-1	4	2	0	-4.763447654
2001	M10	3	65	1.38461538	0.95	7	NA	1	0	3.605460829
2001	M2	2	30	2.00000001	0.95	3	3	0	1	-4.794649882
2001	M3	3	65	1.38461538	0.95	-4	3	1	0	-4.945644477
2001	M5	1	65	0.46153845	0.95	2	NA	1	0	1.420648174
2001	M8	1	65	0.46153845	0.95	3	4	3	0	-4.762895553
2001	M9	1	65	0.46153845	0.95	10	NA	2	0	-4.629721566
2001	P1	1	NA	NA	0.95	-15	NA	0	1	1.435707106
2001	P3	1	20	1.5	0.95	-7	NA	0	1	-4.794649882
2001	P4	2	45	1.33333332	0.95	3	4	0	1	-4.762895553
2001	P5	4	65	1.84615386	0.95	4	3	3	0	-4.893194675
2001	S2	3	65	1.38461538	0.95	-1	6	2	0	-4.941066236
2001	S4	4	65	1.84615386	0.95	3	4	3	0	0.029028201
2001	S6	2	20	3	0.95	8	3	0	1	-4.861189825
2001	S8	2	45	1.33333332	0.95	0	4	0	1	-4.754892945
2001	V2	4	65	1.84615386	0.95	7	4	2	0	-4.73985747
2001	V3	2	65	0.92307693	0.95	13	2	1	0	-4.838399944
2002	B2	7	65	3.23076924	4.18	-5	4	3	0	-4.787981799
2002	C1	6	65	2.76923076	4.18	-10	5	5	0	-5.058268131
2002	C2	7	65	3.23076924	4.18	-6	5	3	0	-4.912891976
2002	C3	4	65	1.84615386	4.18	-1	4	3	0	-5.013472075
2002	C4	5	45	3.33333333	4.18	1	4	0	1	-4.844334168
2002	C5	3	65	1.38461538	4.18	-11	5	5	0	-4.617606576
2002	F12	4	65	1.84615386	4.18	0	4	2	0	0.225190853
2002	F13	3	65	1.38461538	4.18	21	4	4	0	-4.902250707
2002	F2	4	65	1.84615386	4.18	-7	5	5	0	-0.023617969
2002	F3	7	65	3.23076924	4.18	-4	5	4	0	-4.997104403
2002	F4	5	45	3.33333333	4.18	-3	5	0	1	-0.046749394
2002	F5	2	65	0.92307693	4.18	-3	4	2	0	0.404754462
2002	F6	6	65	2.76923076	4.18	-1	5	3	0	-4.867146722
2002	F7	6	65	2.76923076	4.18	2	4	4	0	-4.989315188
2002	F8	4	65	1.84615386	4.18	5	4	4	0	0.164712736
2002	F9	4	65	1.84615386	4.18	-7	5	4	0	-4.802270817
2002	M1	5	65	2.30769231	4.18	-4	4	4	0	-4.863734933
2002	M2	3	65	1.38461538	4.18	-8	5	2	0	1.096272815
2002	M3	6	65	2.76923076	4.18	-3	5	4	0	-4.851389847
2002	M4	6	65	2.76923076	4.18	2	4	4	0	1.854555887
2002	M5	4	20	6	4.18	30	2	0	1	0.31929443
2002	M6	4	65	1.84615386	4.18	-6	NA	3	0	-4.618548994
2002	M7	1	65	0.46153845	4.18	-2	4	3	0	-4.623665815
2002	M8	3	65	1.38461538	4.18	-2	5	5	0	-4.553446001
2002	R1	4	65	1.84615386	4.18	5	5	5	0	-4.769566733
2002	R2	3	65	1.38461538	4.18	-6	3	3	0	-4.697438822
2002	R3	1	65	0.46153845	4.18	2	NA	3	0	-4.573946015
2002	S1	6	65	2.76923076	4.18	-10	5	3	0	0.374678789
2002	S10	4	65	1.84615386	4.18	-20	5	4	0	-4.620029015
2002	S11	2	65	0.92307693	4.18	3	4	3	0	-4.672481354
2002	S12	5	65	2.30769231	4.18	26	4	4	0	0.119289505
2002	S2	6	65	2.76923076	4.18	-11	4	4	0	-4.900059717
2002	S3	5	65	2.30769231	4.18	6	2	2	0	0.766106117
2002	S4	5	65	2.30769231	4.18	-9	4	3	0	-4.793840071
2002	S5	4	65	1.84615386	4.18	-10	4	3	0	-4.748948613
2002	S6	4	65	1.84615386	4.18	-3	5	4	0	-0.048751086
2002	S7	5	65	2.30769231	4.18	1	4	4	0	0.165615943
2002	S8	5	65	2.30769231	4.18	-7	4	4	0	-4.778601628
2002	S9	5	65	2.30769231	4.18	14	3	3	0	-4.971747106
2003	C2	3	65	1.38461538	2.19	-4	4	3	0	0.818965254
2003	C3	1	20	1.5	2.19	-3	NA	0	1	-4.793025193
2003	F10	1	20	1.5	2.19	-8	NA	0	1	-4.550716209
2003	F2	4	45	2.66666667	2.19	-10	4	0	1	-0.068663953
2003	F3	5	45	3.33333333	2.19	3	3	0	1	3.41146236
2003	F6	1	20	1.5	2.19	-1	NA	0	1	-4.794649882
2003	F7	1	20	1.5	2.19	10	NA	0	1	-4.584776654
2003	F9	5	45	3.33333333	2.19	21	3	0	1	0.688692144
2003	M1	7	65	3.23076924	2.19	-4	4	2	0	-4.908073703
2003	M2	9	65	4.15384614	2.19	2	4	1	0	-4.753502317
2003	M3	4	65	1.84615386	2.19	-4	4	1	0	-0.380989668
2003	M4	6	65	2.76923076	2.19	-3	4	2	0	-4.93772891
2003	M5	2	20	3	2.19	-2	3	0	1	-4.829853914
2003	M6	5	65	2.30769231	2.19	16	4	2	0	-4.83438267
2003	M7	2	65	0.92307693	2.19	-10	NA	1	0	-4.559996293
2003	S1	1	20	1.5	2.19	-9	4	0	1	-4.583035948
2003	S2	5	45	3.33333333	2.19	-7	5	0	1	-0.38061778
2003	S5	1	20	1.5	2.19	14	NA	0	1	-4.793025193
2003	S6	1	20	1.5	2.19	0	3	0	1	-4.733272284
2003	S8	2	45	1.33333332	2.19	27	2	0	1	-4.955875184
2003	V2	1	20	1.5	2.19	3	NA	0	1	1.413860051
2003	V3	1	20	1.5	2.19	-5	3	0	1	-4.77676577
2004	B1	8	65	3.69230769	1.45	10	4	4	0	-4.87248369
2004	B2	4	65	1.84615386	1.45	-1	4	2	0	-4.769363494
2004	B3	6	45	3.99999999	1.45	19	4	0	1	-4.980190221
2004	C1	3	45	2.00000001	1.45	-4	5	0	1	3.794789768
2004	C2	1	20	1.5	1.45	1	NA	0	1	-4.77676577
2004	C3	3	65	1.38461538	1.45	-2	4	4	0	-4.7011483
2004	C4	1	20	1.5	1.45	16	3	0	1	1.700496319
2004	F10	4	65	1.84615386	1.45	-6	4	3	0	-4.807163123
2004	F11	7	65	3.23076924	1.45	1	4	3	0	-4.92943286
2004	F12	5	65	2.30769231	1.45	-4	4	4	0	1.680316157
2004	F13	4	65	1.84615386	1.45	-6	4	4	0	-4.656103443
2004	F14	5	65	2.30769231	1.45	-2	4	4	0	-4.647112015
2004	F16	4	65	1.84615386	1.45	6	NA	3	0	-4.75381205
2004	F2	4	65	1.84615386	1.45	-9	5	3	0	-4.672408595
2004	F3	5	65	2.30769231	1.45	-7	5	3	0	-4.894787516
2004	F4	5	65	2.30769231	1.45	-1	4	3	0	-4.848931203
2004	F5	6	65	2.76923076	1.45	0	4	2	0	0.299566931
2004	F6	5	65	2.30769231	1.45	1	4	3	0	3.036928209
2004	F7	6	65	2.76923076	1.45	-5	5	6	0	-4.803442402
2004	F9	6	65	2.76923076	1.45	-10	5	4	0	-4.671424432
2004	M1	4	65	1.84615386	1.45	-17	5	4	0	-4.574699167
2004	M2	1	45	0.66666666	1.45	9	NA	0	1	-4.780595971
2004	M3	4	65	1.84615386	1.45	-6	5	3	0	0.600486457
2004	M4	4	65	1.84615386	1.45	-8	5	4	0	1.252213761
2004	M5	6	65	2.76923076	1.45	17	3	3	0	-4.900931905
2004	M6	7	65	3.23076924	1.45	6	4	4	0	-4.686639524
2004	M7	3	65	1.38461538	1.45	-20	NA	4	0	-4.560907512
2004	P1	6	65	2.76923076	1.45	9	4	3	0	-4.645798184
2004	P2	6	65	2.76923076	1.45	-7	4	4	0	-4.796612752
2004	P3	1	20	1.5	1.45	11	NA	0	1	-4.78695413
2004	P4	3	45	2.00000001	1.45	11	3	0	1	-4.818722732
2004	R1	1	45	0.66666666	1.45	-7	4	0	1	-4.572504469
2004	R2	6	65	2.76923076	1.45	10	4	3	0	-4.651014139
2004	R3	2	65	0.92307693	1.45	-3	5	4	0	-4.719234776
2004	R4	4	65	1.84615386	1.45	-10	6	5	0	-4.710179061
2004	R5	3	45	2.00000001	1.45	16	3	0	1	-0.175432778
2004	R6	3	45	2.00000001	1.45	6	NA	0	1	0.31873996
2004	R7	2	20	3	1.45	18	3	0	1	0.098834439
2004	S10	2	65	0.92307693	1.45	16	3	2	0	0.168354381
2004	S11	1	45	0.66666666	1.45	5	4	0	1	2.329653902
2004	S2	5	65	2.30769231	1.45	-11	5	4	0	-4.841254157
2004	S3	1	20	1.5	1.45	7	NA	0	1	1.413860051
2004	S5	5	45	3.33333333	1.45	1	4	0	1	2.097275308
2004	S6	6	65	2.76923076	1.45	0	5	3	0	-4.893918611
2004	S8	4	65	1.84615386	1.45	-12	5	4	0	-4.736510612
2004	S9	5	65	2.30769231	1.45	8	2	2	0	0.137956123
2004	V2	4	65	1.84615386	1.45	-8	4	4	0	-4.754371463
2004	V3	3	45	2.00000001	1.45	3	3	0	1	-4.646872364
2004	V4	4	65	1.84615386	1.45	-8	4	3	0	-4.58615256
2004	V5	5	65	2.30769231	1.45	-10	5	3	0	-4.714762863
2004	V6	2	65	0.92307693	1.45	-5	4	3	0	-4.72115067
2005	B1	1	20	1.5	4.53	-11	NA	0	1	-4.78695413
2005	B2	1	20	1.5	4.53	-3	NA	0	1	-4.793025193
2005	B3	4	45	2.66666667	4.53	-4	5	0	1	2.106138957
2005	B4	2	45	1.33333332	4.53	-3	6	0	1	0.623952758
2005	B5	3	65	1.38461538	4.53	-1	4	4	0	-4.821625705
2005	B6	4	65	1.84615386	4.53	-7	5	3	0	0.220577764
2005	C1	5	65	2.30769231	4.53	-7	5	5	0	-4.729773024
2005	C2	1	65	0.46153845	4.53	-13	4	3	0	-4.58060566
2005	C3	4	65	1.84615386	4.53	1	3	3	0	-4.752467588
2005	F10	2	20	3	4.53	-2	5	0	1	-4.617062378
2005	F11	2	65	0.92307693	4.53	-2	5	3	0	-4.602550748
2005	F12	1	20	1.5	4.53	3	NA	0	1	-4.793025193
2005	F13	2	65	0.92307693	4.53	-2	5	4	0	-4.607806972
2005	F14	2	45	1.33333332	4.53	7	4	0	1	-4.732973047
2005	F15	1	65	0.46153845	4.53	-1	5	4	0	-4.712831831
2005	F16	4	65	1.84615386	4.53	-3	6	5	0	0.797101664
2005	F17	2	65	0.92307693	4.53	1	5	2	0	-4.580904376
2005	F18	4	65	1.84615386	4.53	-4	5	4	0	-4.782477999
2005	F3	2	20	3	4.53	-5	5	0	1	-4.6166945
2005	F4	1	20	1.5	4.53	-4	NA	0	1	-4.584476827
2005	F5	1	20	1.5	4.53	-12	4	0	1	-4.739721926
2005	F6	2	65	0.92307693	4.53	0	5	3	0	-4.602550748
2005	F7	1	20	1.5	4.53	-5	5	0	1	-4.58165814
2005	F8	2	65	0.92307693	4.53	-3	5	5	0	-4.64467453
2005	M1	1	20	1.5	4.53	-10	NA	0	1	-4.584982308
2005	M11	2	45	1.33333332	4.53	1	3	0	1	-4.792952156
2005	M12	4	65	1.84615386	4.53	-2	4	3	0	-4.596204801
2005	M13	1	20	1.5	4.53	24	NA	0	1	1.416220596
2005	M15	2	65	0.92307693	4.53	-1	NA	2	0	-4.588306421
2005	M2	5	65	2.30769231	4.53	1	4	3	0	-4.688901007
2005	M3	5	65	2.30769231	4.53	-11	6	5	0	-4.693609987
2005	M4	3	65	1.38461538	4.53	3	4	3	0	0.962482435
2005	M5	2	45	1.33333332	4.53	5	4	0	1	-4.789759902
2005	M7	7	65	3.23076924	4.53	-7	3	3	0	-4.741498981
2005	M8	6	65	2.76923076	4.53	-7	5	3	0	-4.760614257
2005	M9	3	45	2.00000001	4.53	-8	5	0	1	-4.677781441
2005	P1	4	65	1.84615386	4.53	-11	4	4	0	-4.774492962
2005	P2	3	65	1.38461538	4.53	27	3	2	0	-4.999143078
2005	R1	1	20	1.5	4.53	-8	NA	0	1	-4.584776654
2005	R2	4	65	1.84615386	4.53	-5	5	4	0	-4.694038867
2005	R4	4	65	1.84615386	4.53	-6	5	4	0	-0.192512014
2005	R5	3	65	1.38461538	4.53	0	4	4	0	1.176260347
2005	R6	4	65	1.84615386	4.53	-3	7	4	0	1.479807031
2005	R7	1	65	0.46153845	4.53	17	4	4	0	-4.733272284
2005	S1	1	20	1.5	4.53	-2	NA	0	1	-4.585106098
2005	S10	6	65	2.76923076	4.53	2	4	2	0	-4.758436807
2005	S11	2	65	0.92307693	4.53	-7	4	4	0	-4.584382682
2005	S2	2	65	0.92307693	4.53	-1	4	3	0	-4.638732497
2005	S3	1	65	0.46153845	4.53	-5	5	4	0	-4.584323077
2005	S4	2	65	0.92307693	4.53	-4	5	3	0	-4.580649369
2005	S5	5	65	2.30769231	4.53	-6	5	4	0	-4.859710045
2005	S8	1	65	0.46153845	4.53	-2	5	4	0	2.898072031
2005	S9	4	45	2.66666667	4.53	17	2	0	1	-4.715317228
2005	V1	1	20	1.5	4.53	-5	NA	0	1	-4.677046882
2005	V2	1	65	0.46153845	4.53	9	3	1	0	-4.780595971
2005	V3	2	45	1.33333332	4.53	-4	5	0	1	-4.764997769
2005	V4	1	20	1.5	4.53	-2	3	0	1	-4.705760742
2005	V6	4	65	1.84615386	4.53	7	3	3	0	-4.838533507
2006	B1	5	65	2.30769231	3.56	-13	2	1	0	1.088782571
2006	B2	2	20	3	3.56	24	3	0	1	-4.794464646
2006	B3	5	65	2.30769231	3.56	-5	NA	3	0	-4.59647904
2006	B4	4	45	2.66666667	3.56	1	NA	0	1	1.580643933
2006	C1	4	65	1.84615386	3.56	-10	4	4	0	5.087320611
2006	C2	2	65	0.92307693	3.56	-11	NA	4	0	-4.562108049
2006	F1	7	65	3.23076924	3.56	-10	5	4	0	-4.882902594
2006	F10	4	65	1.84615386	3.56	2	4	4	0	1.359407983
2006	F11	5	65	2.30769231	3.56	8	3	1	0	0.468188842
2006	F13	2	20	3	3.56	17	NA	0	1	-4.582386046
2006	F4	2	45	1.33333332	3.56	-13	5	0	1	-4.656594298
2006	F6	2	45	1.33333332	3.56	-6	4	0	1	-4.782774875
2006	F7	6	65	2.76923076	3.56	-4	4	2	0	-4.856575275
2006	F9	1	20	1.5	3.56	0	NA	0	1	1.49067421
2006	M1	1	20	1.5	3.56	-9	NA	0	1	-4.783997491
2006	M11	4	65	1.84615386	3.56	0	5	3	0	-4.587861053
2006	M2	6	65	2.76923076	3.56	-2	5	4	0	-4.635173615
2006	M4	4	45	2.66666667	3.56	2	4	0	1	-4.808958251
2006	M5	2	65	0.92307693	3.56	-2	4	4	0	-4.765512837
2006	M6	6	65	2.76923076	3.56	-9	4	3	0	-4.832961523
2006	M7	6	65	2.76923076	3.56	4	4	4	0	-4.904873423
2006	M8	8	65	3.69230769	3.56	9	3	2	0	-5.041075534
2006	P1	3	45	2.00000001	3.56	-12	4	0	1	-4.766066581
2006	P2	4	65	1.84615386	3.56	-2	3	3	0	-4.835638992
2006	P3	1	45	0.66666666	3.56	19	3	0	1	1.446340492
2006	P4	3	45	2.00000001	3.56	-1	4	0	1	-4.712731851
2006	R10	6	65	2.76923076	3.56	5	4	2	0	-4.819005998
2006	R11	5	65	2.30769231	3.56	4	4	3	0	-4.678723593
2006	R4	2	20	3	3.56	-2	4	0	1	-4.857902817
2006	R5	6	65	2.76923076	3.56	-12	4	4	0	-4.800610439
2006	R6	7	65	3.23076924	3.56	4	4	1	0	-4.796810664
2006	R7	4	65	1.84615386	3.56	-6	5	4	0	-4.637961146
2006	R8	7	65	3.23076924	3.56	-8	4	3	0	-4.851984156
2006	R9	5	65	2.30769231	3.56	-1	4	2	0	-4.550704922
2006	S1	1	20	1.5	3.56	-10	NA	0	1	-4.793025193
2006	S10	5	65	2.30769231	3.56	7	4	4	0	-4.731075567
2006	S11	3	45	2.00000001	3.56	12	3	0	1	-4.677694332
2006	S12	2	20	3	3.56	19	2	0	1	-4.778739668
2006	S13	1	20	1.5	3.56	22	3	0	1	1.530611485
2006	S2	1	20	1.5	3.56	-13	NA	0	1	-4.78695413
2006	S3	8	65	3.69230769	3.56	-10	4	3	0	-4.753937924
2006	S7	5	65	2.30769231	3.56	2	4	2	0	-4.618227983
2006	S8	5	45	3.33333333	3.56	-13	4	0	1	-4.749623241
2006	S9	5	65	2.30769231	3.56	-10	5	4	0	-4.607057663
2006	V1	6	65	2.76923076	3.56	-6	4	3	0	-4.658504287
2006	V2	6	45	3.99999999	3.56	-6	5	0	1	-4.875213435
2006	V4	5	65	2.30769231	3.56	0	3	3	0	1.121170876
2006	V5	1	20	1.5	3.56	23	3	0	1	-4.584776654
2007	CH2	3	65	1.38461538	4.079	13	NA	4	0	2.775798403
2007	CH3	4	65	1.84615386	4.079	-2	4	3	0	1.197861624
2007	F12	4	65	1.84615386	4.079	7	4	4	0	0.389150753
2007	F13	4	65	1.84615386	4.079	1	5	3	0	-4.784801824
2007	F14	4	65	1.84615386	4.079	-14	4	4	0	-4.680890533
2007	F15	5	65	2.30769231	4.079	-1	3	3	0	1.000085809
2007	F17	4	65	1.84615386	4.079	-15	5	5	0	-4.639136225
2007	F18	2	65	0.92307693	4.079	9	6	5	0	-4.765512837
2007	F19	3	65	1.38461538	4.079	-11	NA	2	0	-4.592307304
2007	F20	3	65	1.38461538	4.079	-12	NA	4	0	-4.562242309
2007	F22	2	65	0.92307693	4.079	-1	NA	2	0	-4.648996971
2007	F23	3	65	1.38461538	4.079	-4	NA	4	0	3.046848287
2007	F4	6	45	3.99999999	4.079	-7	5	0	1	-4.91453359
2007	F5	2	65	0.92307693	4.079	-7	5	4	0	-4.640904887
2007	F6	7	65	3.23076924	4.079	-8	5	4	0	-4.612541293
2007	F8	4	65	1.84615386	4.079	-7	5	4	0	-4.599548509
2007	F9	4	65	1.84615386	4.079	-2	4	4	0	-4.776849925
2007	M1	5	65	2.30769231	4.079	6	NA	4	0	-4.842214093
2007	M10	4	65	1.84615386	4.079	-3	4	3	0	-4.717415876
2007	M11	3	65	1.38461538	4.079	-18	NA	5	0	-4.571418464
2007	M12	1	65	0.46153845	4.079	-14	4	2	0	-4.548729756
2007	M13	1	20	1.5	4.079	21	4	0	1	-4.58165814
2007	M14	3	45	2.00000001	4.079	10	2	0	1	0.052083615
2007	M16	4	65	1.84615386	4.079	43	4	4	0	-4.712831831
2007	M5	5	65	2.30769231	4.079	-3	3	2	0	-4.829563889
2007	M6	5	65	2.30769231	4.079	10	NA	2	0	-4.658739592
2007	M7	6	65	2.76923076	4.079	-9	3	2	0	0.261819869
2007	M9	2	65	0.92307693	4.079	12	5	4	0	0.3897681
2007	R1	3	65	1.38461538	4.079	-11	5	3	0	-4.751814155
2007	R2	6	65	2.76923076	4.079	-13	4	4	0	-4.789213688
2007	R3	2	65	0.92307693	4.079	-14	5	5	0	-4.632841515
2007	R4	3	65	1.38461538	4.079	-6	4	2	0	-4.587699152
2007	R5	3	65	1.38461538	4.079	-7	NA	4	0	-4.591645444
2007	R6	1	20	1.5	4.079	22	5	0	1	-4.579987995
2007	R7	2	65	0.92307693	4.079	-9	5	5	0	-4.549931065
2007	R8	2	65	0.92307693	4.079	4	5	5	0	-4.597874481
2007	R9	1	65	0.46153845	4.079	12	NA	3	0	2.329653902
2007	SB2	3	20	4.5	4.079	-6	7	0	1	0.688322002
2007	SB3	4	65	1.84615386	4.079	-1	NA	3	0	-4.994138455
2007	SB4	4	65	1.84615386	4.079	-9	6	5	0	1.017538842
2007	SB5	2	20	3	4.079	9	NA	0	1	-4.917583154
2007	SB6	5	65	2.30769231	4.079	-8	5	5	0	0.170102996
2007	SB7	1	20	1.5	4.079	9	NA	0	1	-4.783997491
2007	SB8	4	65	1.84615386	4.079	-11	4	3	0	-4.593110414
2007	V1	4	45	2.66666667	4.079	-7	5	0	1	-4.825602073
2007	V3	3	65	1.38461538	4.079	-4	6	5	0	-4.653664891
2007	V4	3	45	2.00000001	4.079	18	4	0	1	-4.790837328
2008	B01	2	65	0.92307693	1.57	-11	5	2	0	-4.738082736
2008	C01	2	20	3	1.57	-5	4	0	1	0.666954156
2008	C02	4	65	1.84615386	1.57	-4	4	2	0	-0.037229834
2008	C03	3	65	1.38461538	1.57	-1	4	2	0	-4.877677915
2008	C04	2	65	0.92307693	1.57	1	4	4	0	-4.725097878
2008	F01	3	65	1.38461538	1.57	-5	5	3	0	-4.808123428
2008	F02	4	65	1.84615386	1.57	1	3	1	0	-4.832701944
2008	F03	2	65	0.92307693	1.57	-3	5	4	0	-4.799978671
2008	F04	4	45	2.66666667	1.57	-4	4	0	1	-0.052403671
2008	F05	1	65	0.46153845	1.57	-1	NA	2	0	-4.794083918
2008	F06	3	20	4.5	1.57	-7	4	0	1	-4.899691888
2008	F07	3	65	1.38461538	1.57	-6	5	4	0	-4.928388614
2008	F08	3	65	1.38461538	1.57	-1	4	1	0	-4.925407583
2008	F09	2	65	0.92307693	1.57	4	4	2	0	-4.832692195
2008	F10	1	65	0.46153845	1.57	-5	4	3	0	-4.719795582
2008	F11	3	45	2.00000001	1.57	8	2	0	1	-4.9556619
2008	F12	2	65	0.92307693	1.57	-10	4	3	0	-4.732463518
2008	F13	2	45	1.33333332	1.57	4	3	0	1	-4.843060221
2008	F14	2	45	1.33333332	1.57	17	3	0	1	-4.821129239
2008	F15	1	20	1.5	1.57	23	NA	0	1	-4.745938058
2008	M01	3	65	1.38461538	1.57	-13	5	3	0	-4.740830879
2008	M02	3	65	1.38461538	1.57	-12	4	3	0	-4.552639412
2008	M03	4	65	1.84615386	1.57	-5	5	2	0	-4.818728621
2008	M04	3	65	1.38461538	1.57	-5	5	4	0	-4.925451774
2008	M05	3	65	1.38461538	1.57	1	4	4	0	-0.47499262
2008	M06	2	65	0.92307693	1.57	-6	5	5	0	-4.727666561
2008	M07	4	20	6	1.57	9	2	0	1	-0.263109925
2008	M08	2	65	0.92307693	1.57	18	3	3	0	2.71389825
2008	M09	3	65	1.38461538	1.57	10	3	3	0	-4.764162821
2008	M10	1	45	0.66666666	1.57	6	NA	0	1	-4.558663751
2008	M11	1	20	1.5	1.57	25	NA	0	1	1.813778914
2008	M12	1	65	0.46153845	1.57	30	3	3	0	-4.712831831
2008	M13	1	65	0.46153845	1.57	4	NA	3	0	-4.557827923
2008	P02	1	20	1.5	1.57	-11	6	0	1	-5.077314463
2008	R03	4	65	1.84615386	1.57	-5	5	3	0	-4.900387643
2008	R04	2	65	0.92307693	1.57	-1	4	3	0	-4.808626395
2008	R05	1	65	0.46153845	1.57	-7	5	3	0	-4.762895553
2008	R06	1	20	1.5	1.57	3	NA	0	1	1.459044966
2008	R07	1	65	0.46153845	1.57	4	3	2	0	-4.767894371
2008	R08	2	65	0.92307693	1.57	3	3	2	0	-4.597082935
2008	R10	3	65	1.38461538	1.57	16	3	2	0	1.053162422
2008	S02	3	65	1.38461538	1.57	-2	4	3	0	-4.581722187
2008	S03	3	65	1.38461538	1.57	3	5	3	0	-4.825262449
2008	S05	3	65	1.38461538	1.57	12	3	2	0	1.229453744
2008	S06	1	65	0.46153845	1.57	-11	NA	2	0	-4.551314066
2008	S07	1	65	0.46153845	1.57	4	NA	2	0	-4.555822116
2008	V02	1	20	1.5	1.57	-6	NA	0	1	1.446340492
2008	V03	3	20	4.5	1.57	1	NA	0	1	-4.783997491
2008	V04	2	20	3	1.57	-17	4	0	1	-4.677046882
2008	V05	3	65	1.38461538	1.57	2	4	1	0	2.596364217
2008	V06	1	20	1.5	1.57	-5	NA	0	1	5.786497718
2008	V07	1	20	1.5	1.57	-6	5	0	1	-4.669918001
2009	B01	5	45	3.33333333	0.74	13	3	0	1	-4.842188902
2009	C01	10	65	4.61538462	0.74	-15	4	2	0	-4.942655977
2009	C02	5	45	3.33333333	0.74	-8	4	0	1	-5.05444096
2009	C04	8	65	3.69230769	0.74	-13	4	3	0	-4.649166566
2009	C05	9	65	4.15384614	0.74	0	4	3	0	-4.828759539
2009	C06	2	20	3	0.74	-3	NA	0	1	-4.859878441
2009	C07	5	45	3.33333333	0.74	1	3	0	1	-5.105775921
2009	C08	3	30	3	0.74	18	5	0	1	-4.912897144
2009	F01	4	45	2.66666667	0.74	-23	4	0	1	-4.899052064
2009	F02	1	20	1.5	0.74	-12	NA	0	1	-4.79147872
2009	F03	12	65	5.53846155	0.74	-11	4	4	0	-5.078065612
2009	F04	13	65	6	0.74	-6	3	2	0	-5.136889074
2009	F05	1	20	1.5	0.74	-3	NA	0	1	1.413860051
2009	F06	9	65	4.15384614	0.74	-4	4	3	0	-4.982163748
2009	F07	6	65	2.76923076	0.74	-3	5	3	0	-4.817043103
2009	F08	10	65	4.61538462	0.74	0	2	2	0	-1.081204437
2009	F09	7	65	3.23076924	0.74	-4	4	4	0	0.652090124
2009	F10	6	65	2.76923076	0.74	-8	3	2	0	-4.889063106
2009	F11	4	45	2.66666667	0.74	13	3	0	1	-4.866944011
2009	F12	2	20	3	0.74	8	3	0	1	-4.769731408
2009	F13	3	20	4.5	0.74	-7	4	0	1	-4.738359141
2009	F14	2	45	1.33333332	0.74	-9	NA	0	1	-4.558998141
2009	F15	2	45	1.33333332	0.74	9	4	0	1	-4.578176173
2009	F16	2	20	3	0.74	20	4	0	1	-4.720238265
2009	FM01	1	20	1.5	0.74	13	NA	0	1	-4.78695413
2009	M01	3	65	1.38461538	0.74	4	4	2	0	1.002936236
2009	M02	7	65	3.23076924	0.74	-4	4	3	0	-4.818961241
2009	M03	8	65	3.69230769	0.74	-3	4	1	0	-4.619133275
2009	M04	4	65	1.84615386	0.74	-3	NA	2	0	-4.599579683
2009	M05	4	65	1.84615386	0.74	-3	NA	1	0	-4.581789221
2009	R01	3	20	4.5	0.74	-15	4	0	1	-0.455193387
2009	R02	6	65	2.76923076	0.74	0	3	3	0	-0.534162482
2009	R04	7	65	3.23076924	0.74	12	4	2	0	-5.023500005
2009	R05	1	45	0.66666666	0.74	12	4	0	1	-4.612263088
2009	R06	5	45	3.33333333	0.74	-12	NA	0	1	-4.571364074
2009	SB01	3	20	4.5	0.74	-19	5	0	1	-5.036111347
2009	SB02	2	20	3	0.74	-12	4	0	1	-0.144893409
2009	SB03	1	20	1.5	0.74	-8	NA	0	1	-4.793025193
2009	SB06	3	20	4.5	0.74	18	NA	0	1	-4.931230216
2009	SB07	4	65	1.84615386	0.74	-9	3	2	0	-4.774420508
2009	SB08	3	45	2.00000001	0.74	10	3	0	1	-0.084178639
2009	SB09	4	45	2.66666667	0.74	24	2	0	1	-5.028825467
2009	SB10	4	45	2.66666667	0.74	13	3	0	1	-4.95425485
2009	V01	1	20	1.5	0.74	-4	NA	0	1	1.416220596
2009	V02	6	65	2.76923076	0.74	-10	4	4	0	-5.052260929
2009	V03	3	20	4.5	0.74	14	4	0	1	-5.163343239
2010	B01	4	65	1.84615386	0.81	6	4	2	0	-4.88913583
2010	C01	1	20	1.5	0.81	-14	NA	0	1	-4.78695413
2010	C03	2	65	0.92307693	0.81	-11	5	4	0	-4.648455756
2010	C04	2	65	0.92307693	0.81	-11	5	3	0	-4.746713706
2010	C05	5	65	2.30769231	0.81	8	2	1	0	-4.995788794
2010	C07	3	65	1.38461538	0.81	-6	5	3	0	-4.61906099
2010	C08	4	65	1.84615386	0.81	5	4	1	0	-4.737829963
2010	F01	5	65	2.30769231	0.81	-8	4	3	0	-4.665701937
2010	F02	4	65	1.84615386	0.81	-11	4	3	0	-4.962997611
2010	F03	4	65	1.84615386	0.81	-8	5	2	0	-4.846960366
2010	F04	2	20	3	0.81	-6	NA	0	1	-4.961152281
2010	F05	3	65	1.38461538	0.81	-9	4	1	0	-4.864096908
2010	F07	3	20	4.5	0.81	-10	6	0	1	-4.934446618
2010	F09	3	65	1.38461538	0.81	7	NA	3	0	-4.660198044
2010	F11	4	65	1.84615386	0.81	1	4	3	0	-4.898946792
2010	F12	5	65	2.30769231	0.81	-9	4	3	0	-4.693421202
2010	F13	4	65	1.84615386	0.81	23	2	1	0	-4.891290889
2010	F14	3	65	1.38461538	0.81	12	3	2	0	-4.836868393
2010	F15	3	45	2.00000001	0.81	5	4	0	1	-4.828680204
2010	F18	3	65	1.38461538	0.81	11	5	5	0	-4.772050316
2010	F19	2	45	1.33333332	0.81	32	3	0	1	-4.577351264
2010	M01	4	45	2.66666667	0.81	-6	4	0	1	-4.892187768
2010	M03	5	65	2.30769231	0.81	13	4	4	0	-4.845459305
2010	M04	3	45	2.00000001	0.81	-15	6	0	1	-4.642127604
2010	M05	3	45	2.00000001	0.81	-12	5	0	1	-4.569210079
2010	M06	3	65	1.38461538	0.81	-13	5	2	0	-4.627168083
2010	M07	3	65	1.38461538	0.81	-10	4	3	0	-4.581875203
2010	M08	4	65	1.84615386	0.81	9	3	3	0	-4.695067459
2010	M09	2	65	0.92307693	0.81	-6	NA	4	0	-4.582403122
2010	M10	2	65	0.92307693	0.81	-12	NA	4	0	-4.556586519
2010	M11	2	65	0.92307693	0.81	9	NA	1	0	-4.552317757
2010	P01	5	65	2.30769231	0.81	-3	2	2	0	-4.992975126
2010	P02	5	65	2.30769231	0.81	8	4	3	0	-5.066035596
2010	R01	1	20	1.5	0.81	-9	3	0	1	-4.794720405
2010	R02	3	65	1.38461538	0.81	-10	6	2	0	-4.715960923
2010	R03	3	65	1.38461538	0.81	-8	5	4	0	-4.758232614
2010	R05	2	45	1.33333332	0.81	17	3	0	1	-4.742260059
2010	SB02	2	65	0.92307693	0.81	-10	5	3	0	-4.588344365
2010	SB03	5	65	2.30769231	0.81	7	3	3	0	-5.014973103
2010	SB04	3	45	2.00000001	0.81	12	4	0	1	-4.856422682
2010	SB05	1	65	0.46153845	0.81	-13	5	4	0	-4.561417291
2010	V01	1	20	1.5	0.81	-6	NA	0	1	-4.794083918
2010	V02	3	65	1.38461538	0.81	-15	4	4	0	-4.836873398
2010	V03	3	65	1.38461538	0.81	-10	4	2	0	-4.678672586
2010	V05	5	65	2.30769231	0.81	4	3	1	0	-4.821304424
2011	B01	6	65	2.76923076	4.09	1	5	5	0	-4.853757459
2011	B02	3	45	2.00000001	4.09	1	3	0	1	-4.915977309
2011	C01	6	65	2.76923076	4.09	1	4	3	0	-4.877387798
2011	C02	5	65	2.30769231	4.09	7	2	1	0	-5.03935448
2011	C03	7	65	3.23076924	4.09	7	4	4	0	-4.969968519
2011	C05	2	45	1.33333332	4.09	-11	4	0	1	-4.590091824
2011	C07	1	65	0.46153845	4.09	-7	NA	1	0	-4.546172394
2011	F01	5	65	2.30769231	4.09	-7	5	4	0	-4.839461774
2011	F02	3	45	2.00000001	4.09	-14	5	0	1	-4.766169353
2011	F03	1	20	1.5	4.09	4	2	0	1	-4.789451827
2011	F05	2	45	1.33333332	4.09	-5	4	0	1	-4.758174892
2011	F06	2	20	3	4.09	8	NA	0	1	-4.757552608
2011	F08	3	45	2.00000001	4.09	-16	4	0	1	-4.560785193
2011	F10	8	65	3.69230769	4.09	-14	2	2	0	-4.719627141
2011	F12	6	45	3.99999999	4.09	17	4	0	1	-4.945349751
2011	F13	2	20	3	4.09	8	NA	0	1	-4.573679039
2011	F14	5	20	7.5	4.09	21	4	0	1	-5.135695647
2011	F15	5	20	7.5	4.09	16	2	0	1	-4.890958792
2011	F16	1	20	1.5	4.09	5	5	0	1	-4.719795582
2011	F19	8	65	3.69230769	4.09	40	4	2	0	-5.103349295
2011	M02	3	30	3	4.09	1	5	0	1	-4.834827486
2011	M03	6	65	2.76923076	4.09	-1	3	2	0	-5.002706353
2011	M04	4	45	2.66666667	4.09	-15	5	0	1	-4.712598919
2011	M05	4	45	2.66666667	4.09	-12	5	0	1	-4.64290342
2011	M07	4	65	1.84615386	4.09	0	4	2	0	-4.598599375
2011	M09	4	65	1.84615386	4.09	6	4	2	0	-4.829129734
2011	M11	2	20	3	4.09	-6	NA	0	1	-4.77450415
2011	M12	6	65	2.76923076	4.09	-11	5	4	0	-4.581418409
2011	M14	6	65	2.76923076	4.09	-1	4	1	0	-4.917957358
2011	M15	8	65	3.69230769	4.09	-4	5	5	0	-4.819418434
2011	M16	3	20	4.5	4.09	3	3	0	1	-4.621388191
2011	M17	8	65	3.69230769	4.09	1	4	3	0	-4.659064774
2011	M18	4	65	1.84615386	4.09	1	3	1	0	-4.668586373
2011	M19	5	65	2.30769231	4.09	-12	3	1	0	-4.712142945
2011	M20	6	65	2.76923076	4.09	-8	4	2	0	-4.851247399
2011	M21	3	45	2.00000001	4.09	-13	4	0	1	-4.553466669
2011	M22	6	65	2.76923076	4.09	-11	5	4	0	-4.602495213
2011	M23	7	65	3.23076924	4.09	14	3	2	0	-0.486832806
2011	M24	1	45	0.66666666	4.09	-12	NA	0	1	-4.55490855
2011	M25	3	65	1.38461538	4.09	-5	NA	2	0	-4.619882932
2011	M26	1	65	0.46153845	4.09	3	NA	2	0	-4.559532814
2011	P01	4	45	2.66666667	4.09	-5	5	0	1	-4.942849422
2011	P02	9	65	4.15384614	4.09	-3	4	4	0	-4.988431162
2011	P03	6	65	2.76923076	4.09	-10	5	4	0	-4.87888666
2011	P04	5	65	2.30769231	4.09	-2	4	2	0	-4.9668184
2011	R01	4	45	2.66666667	4.09	0	4	0	1	-4.794622468
2011	R03	2	45	1.33333332	4.09	-12	5	0	1	-4.70553993
2011	R04	3	45	2.00000001	4.09	5	2	0	1	-4.818594325
2011	S01	2	20	3	4.09	4	NA	0	1	-4.779115726
2011	S03	6	65	2.76923076	4.09	3	5	1	0	-4.77052537
2011	S04	7	65	3.23076924	4.09	11	4	4	0	-4.813776434
2011	V01	4	45	2.66666667	4.09	7	5	0	1	-4.837352804
2011	V02	2	45	1.33333332	4.09	2	4	0	1	-4.746971773
2011	V03	3	45	2.00000001	4.09	-1	5	0	1	-4.768207103
2012	B04	3	65	1.38461538	5.89	-10	4	4	0	-4.703994774
2012	B05	2	20	3	5.89	10	3	0	1	-4.617343811
2012	B08	4	65	1.84615386	5.89	-7	4	3	0	-4.681087652
2012	B10	1	65	0.46153845	5.89	-3	NA	5	0	-4.573946015
2012	C01	2	65	0.92307693	5.89	3	5	4	0	-4.898839439
2012	CB01	1	45	0.66666666	5.89	22	3	0	1	-4.669918001
2012	CB03	1	65	0.46153845	5.89	12	4	4	0	-4.606938876
2012	FOR02	1	NA	NA	5.89	-12	NA	0	1	-4.745938058
2012	FOR03	2	65	0.92307693	5.89	-7	5	3	0	-4.817504952
2012	FOR04	2	65	0.92307693	5.89	-5	4	4	0	-4.786564077
2012	FOR05	2	45	1.33333332	5.89	-6	5	0	1	-4.817807415
2012	FOR06	3	65	1.38461538	5.89	4	4	3	0	-4.6216686
2012	FOR07	3	65	1.38461538	5.89	-2	5	4	0	-4.761123291
2012	FOR08	3	65	1.38461538	5.89	-10	4	2	0	-4.704817006
2012	FOR10	1	20	1.5	5.89	-7	NA	0	1	-4.751891089
2012	FOR11	2	NA	NA	5.89	-11	6	0	1	-4.691767948
2012	FOR12	4	65	1.84615386	5.89	-6	5	5	0	-4.765646647
2012	FOR14	3	65	1.38461538	5.89	13	4	4	0	-4.664003024
2012	FOR16	4	65	1.84615386	5.89	-1	4	3	0	-4.781755366
2012	FOR17	2	65	0.92307693	5.89	-8	5	5	0	-4.706653257
2012	FOR18	2	65	0.92307693	5.89	13	5	3	0	-4.78992947
2012	FOR19	1	65	0.46153845	5.89	4	5	4	0	-4.739721926
2012	FOR20	3	65	1.38461538	5.89	-1	4	3	0	-4.757520219
2012	FOR21	2	65	0.92307693	5.89	3	4	4	0	-4.781406831
2012	FOR25	2	65	0.92307693	5.89	21	4	4	0	-4.594687196
2012	M01	5	65	2.30769231	5.89	0	4	2	0	-5.091357653
2012	M02	6	65	2.76923076	5.89	0	4	3	0	0.043026742
2012	M03	2	20	3	5.89	-2	4	0	1	-4.616477778
2012	M04	1	20	1.5	5.89	-2	NA	0	1	-4.584776654
2012	M05	5	45	3.33333333	5.89	0	4	0	1	-5.095350707
2012	M06	3	65	1.38461538	5.89	-4	4	3	0	-4.659894296
2012	M08	3	45	2.00000001	5.89	0	3	0	1	0.974604039
2012	M09	4	65	1.84615386	5.89	-7	5	4	0	-4.649672707
2012	M10	3	65	1.38461538	5.89	-6	5	4	0	-4.606023973
2012	M11	3	65	1.38461538	5.89	6	4	3	0	-4.838727945
2012	M12	3	65	1.38461538	5.89	-5	5	4	0	-4.908466511
2012	M13	3	65	1.38461538	5.89	8	4	4	0	-4.823803931
2012	M14	1	45	0.66666666	5.89	-5	6	0	1	-4.745938058
2012	M15	3	65	1.38461538	5.89	-2	5	5	0	-4.808885945
2012	M17	2	65	0.92307693	5.89	-5	6	1	0	-4.793027278
2012	M18	1	65	0.46153845	5.89	0	6	6	0	-4.698614699
2012	M19	2	65	0.92307693	5.89	0	4	4	0	-4.57447687
2012	M20	1	45	0.66666666	5.89	2	NA	0	1	-4.570108278
2012	M21	1	20	1.5	5.89	-9	6	0	1	-4.557675447
2012	M22	1	65	0.46153845	5.89	6	4	4	0	-4.739721926
2012	M23	1	45	0.66666666	5.89	-7	NA	0	1	-4.55016021
2012	M24	1	45	0.66666666	5.89	-2	NA	0	1	-4.606938876
2012	M25	1	45	0.66666666	5.89	0	NA	0	1	-4.57500479
2012	M27	1	65	0.46153845	5.89	0	5	4	0	-4.554959894
2012	SB01	2	20	3	5.89	-4	6	0	1	-4.613941751
2012	SB02	3	45	2.00000001	5.89	-2	5	0	1	-4.972626299
2012	SB03	2	20	3	5.89	-3	5	0	1	1.742258884
2012	SB04	2	NA	NA	5.89	5	3	0	1	-4.938824621
2012	SB05	2	65	0.92307693	5.89	-6	4	3	0	-4.719395464
2012	SB06	2	65	0.92307693	5.89	5	3	3	0	-4.801209753
2012	SB07	2	65	0.92307693	5.89	-8	4	3	0	0.899795905
2012	SB08	2	65	0.92307693	5.89	14	3	3	0	-4.807599998
2012	SB09	1	65	0.46153845	5.89	-15	NA	3	0	-4.546172394
2012	SB10	1	65	0.46153845	5.89	6	NA	1	0	-4.556727698
2012	SB11	1	20	1.5	5.89	21	4	0	1	-4.733272284
2012	V01	5	65	2.30769231	5.89	1	5	5	0	2.077315887
2012	V02	2	45	1.33333332	5.89	-11	4	0	1	3.286842494
2012	V03	1	NA	NA	5.89	9	3	0	1	-4.789451827
2012	V04	2	45	1.33333332	5.89	1	4	0	1	-4.796447353
2013	B01	4	45	2.66666667	1.01	-10	4	0	1	-4.874353776
2013	B03	4	65	1.84615386	1.01	-4	NA	2	0	-4.549931065
2013	C01	3	30	3	1.01	7	3	0	1	-4.876217411
2013	C02	5	20	7.5	1.01	12	4	0	1	-4.635252952
2013	C03	3	65	1.38461538	1.01	-14	4	2	0	-4.77676577
2013	F02	5	65	2.30769231	1.01	-5	6	1	0	-4.559191803
2013	F04	4	65	1.84615386	1.01	-5	4	4	0	-4.569368012
2013	F05	3	45	2.00000001	1.01	17	NA	0	1	-4.933805979
2013	F06	6	65	2.76923076	1.01	11	4	4	0	-4.814280067
2013	M01	8	65	3.69230769	1.01	7	3	2	0	-4.883654488
2013	M02	4	45	2.66666667	1.01	14	4	0	1	-4.668331514
2013	M03	1	20	1.5	1.01	16	NA	0	1	-4.570108278
2013	M04	4	65	1.84615386	1.01	-4	NA	1	0	-4.566221258
2013	R01	5	65	2.30769231	1.01	14	1	1	0	-4.879353909
2013	SB01	1	20	1.5	1.01	0	NA	0	1	-4.584982308
2013	SB02	4	20	6	1.01	-6	4	0	1	1.980006453
2013	SB03	4	45	2.66666667	1.01	11	3	0	1	-4.648033466
2013	V01	1	20	1.5	1.01	-13	NA	0	1	-4.780595971